PID
532
94
154
285
76
478
568
717
716
715
714
699
698
697
696
695
692
691
689
687
686
681
680
670
658
656
654
651
650
649
648
643
641
638
637
636
635
634
633
629
626
623
622
621
620
617
616
615
614
613
612
611
609
607
604
603
602
600
599
598
597
596
594
591
590
589
587
586
585
584
583
580
579
578
577
576
574
573
572
571
569
567
566
563
561
560
558
556
555
553
550
549
548
547
546
545
544
543
542
541
540
539
538
537
536
535
534
533
531
530
529
528
527
526
525
524
523
522
521
520
519
518
517
516
515
514
513
512
510
509
508
506
505
504
501
500
495
494
493
492
480
479
466
465
439
437
436
435
429
420
419
408
407
402
399
398
397
396
395
389
387
386
385
383
382
381
380
379
378
377
376
375
374
373
372
371
369
367
365
364
363
361
360
359
358
357
356
355
352
351
350
349
348
347
346
345
344
343
342
341
340
339
338
337
336
335
334
333
332
331
329
328
327
326
325
324
323
322
320
316
314
312
311
310
308
307
306
305
304
303
302
300
298
297
296
295
294
293
292
291
290
289
288
287
286
284
283
282
281
280
279
278
277
276
275
274
273
271
270
269
268
267
266
264
261
254
252
249
247
241
239
238
237
232
226
225
222
221
220
219
217
216
215
214
208
205
204
201
189
185
183
182
181
180
178
173
172
171
170
168
163
162
147
146
145
144
143
136
127
126
119
116
114
108
103
102
101
99
98
97
96
95
93
91
90
89
88
85
83
82
81
79
78
77
75
74
73
70
69
66
65
64
63
62
57
56
53
52
50
49
47
45
44
43
40
39
726
1
725
724
723
722
720
719
